855111435067764736
855110942564245505
855106916040794116
855098109273268224
855113855143477248
855114273340751872
855116150493106176
855116541460918272
855117515390889984
855117908942495745
855117992308428800
855117949396557824
855118419066310656
855119252872933380
855119213526220800
855119300478283776
855119980819611648
855123906365095937
855124644487155712
855125159631622146
855125059077382144
855125001397309441
855124795410833409
855126270148984832
855126585925443584
855128345188716545
855128766972133377
855133992844238848
855138809876447234
855139906296967173
855153465248579585
855154174962618371
856881884688785408
856577326829764608
856567159421644800
856370086399152130
856369946116456449
856369814218125314
856369726339112960
856369634001522688
856369471862300673
856369403176374273
856369256342179841
856369158484873217
856369089257799680
856368575472390144
856368438402584576
857593107327705089
857457558210084869
857176601729134592
857026291639488513
857016345829019648
857605134389575681
857605502347464706
857691040588890112
857691472392540160
857691506580258817
